-2.968126570083920446e-01 6.736846445198335864e+00
5.740128184341419804e+00 3.746652906407330619e+00
7.377467670030632085e+00 -1.619426905630518609e+00
4.827940949692406392e+00 3.869537662372451337e+00
3.889845049326964954e+00 4.489995331053012961e+00
4.807542489795286755e+00 4.266576865956154485e+00
3.832218757699726197e+00 4.547305044536646967e+00
4.889632634484575746e+00 6.072206636578135530e+00
4.816774906494773134e+00 3.643782036126546942e+00
6.745978790965687644e+00 -2.236988234116098262e+00
6.234580718720192039e+00 4.059493843897437948e+00
3.398237769365345606e+00 4.424884265337182043e+00
-8.775086389311316237e-01 7.707161086345117873e+00
5.990415717752128444e+00 1.521790528081125304e-01
4.872106873993526044e+00 5.263540373898394797e+00
5.208400890658522187e+00 5.613538666272182454e+00
4.552375757901435449e+00 4.482387820219401853e+00
4.186899899330711605e+00 2.218563457513619497e+00
7.762873395274336730e+00 2.858267869735197086e-01
6.188461045560750051e+00 6.756677107222734957e-01
5.103738918650226886e+00 5.354670858160059055e+00
7.141340904270617962e+00 1.227288193265671623e+00
5.619163007787682851e+00 4.715684760380090879e+00
7.461296614367272539e+00 8.472506581904987177e-01
4.320576300049160601e+00 4.599960767612713219e+00
7.272305466699158671e+00 2.246186788380656330e-01
6.502002625469889274e+00 6.600789476234016906e-01
-4.002285894993803939e-01 7.530041885839025895e+00
1.610887162117097260e-01 8.445950865736687518e+00
8.016688644974076183e+00 -8.579861114126072774e-01
9.051460140805161689e-03 8.227411203223438108e+00
-7.792147227919077324e-02 6.296535442687691386e+00
4.940413886846114266e+00 7.552848590295491604e+00
4.375379484499159588e+00 4.533551567251231873e+00
5.460798185839985663e+00 -1.287125795537257811e-01
6.135835502654575890e+00 5.342899796022554604e+00
6.088528699757399743e+00 -2.020216078391670944e+00
7.744408168847417784e+00 -5.845336980609209254e-01
5.999857539083495617e+00 6.896898257184314929e+00
4.888779298526037209e+00 6.646423930497910249e+00
-3.238938376764162186e-01 7.368326683493272355e+00
4.324948230239371583e+00 4.317274030020082698e+00
8.547665761144827457e+00 -6.464606713126053172e-01
4.452741437053881590e+00 3.414188146840523963e+00
3.639548574845400952e-01 6.739491452207949429e+00
6.347267521722728567e+00 1.747652994422712880e-01
1.574389180790617848e+00 8.047272045566881360e+00
3.742909006514946846e+00 5.082167769555044678e+00
5.740728316120064179e+00 4.773594478125556151e+00
4.915839593823524645e+00 5.182879420274121962e+00
4.270118156044437008e+00 6.016346077192465280e+00
5.422515895088023896e+00 4.831601725056625440e+00
4.960545701228308957e+00 5.269640747891047639e+00
6.771674478304863243e+00 -1.939704570562139352e-01
4.987472533956527343e+00 4.801310282485748537e+00
7.740381417078726400e+00 -1.400840784043853315e-01
3.628466358222562249e+00 3.938474437998553235e+00
5.858813061839446057e+00 3.970512450645329317e+00
3.750406695317663353e+00 4.189526233757410623e+00
1.508915661885404047e+00 6.849490634939026101e+00
6.362987423462654668e+00 3.299646259651825453e+00
3.090915581219866759e+00 3.736518309816768912e+00
5.391259170959918023e+00 3.234237643166772536e+00
3.302356461440420610e+00 4.455746878026916491e+00
7.098731000837521954e+00 2.856406918980406440e-01
3.144775322712948462e+00 5.086538286018069677e+00
5.263466497500858488e+00 6.009061954886496082e+00
2.503431409206565483e+00 5.304493745110116620e+00
5.029972583529433550e+00 4.714086706415034023e+00
5.248357952990668984e+00 4.546020918896710228e+00
8.114156643114704082e+00 -3.917218131096962819e-01
-4.773671074712733109e-01 7.470148843745588962e+00
7.258146048313098397e+00 2.684524949117351733e-01
5.212835914665545189e+00 4.047618697088311457e+00
4.586016482284047235e+00 5.886311947790628274e+00
6.741260352082805163e+00 -4.163448135534092431e-02
1.248962755637729627e+00 9.418758973453694949e+00
5.194643705842665327e-01 5.091800851285246843e+00
5.213842342577108546e+00 6.775101197681177467e+00
6.205883465596624404e+00 9.968433500106956835e-01
5.318211140287845140e+00 4.567132402947700065e+00
6.017851967469787233e+00 4.906348161008178721e+00
5.803716373418146723e+00 4.246039185631130586e+00
6.694170527065848475e+00 4.868654265512081025e+00
6.668774589097592909e+00 -1.585762034208455518e+00
4.270318283469824117e+00 5.128196645921464736e+00
5.434290360914038054e+00 4.663946265451583528e+00
8.236165500296957376e+00 4.395611199080246556e-01
3.773898083886548349e+00 4.485278625493052118e+00
4.433287387683144232e+00 4.742959767096398771e+00
7.850357715754860521e+00 1.511079618987254847e+00
4.252649165985829427e+00 4.245204079048950696e+00
-5.614864898232709012e-02 5.711645200423563828e+00
6.566262693599529854e+00 4.605631671267490290e+00
4.453545408410984230e+00 5.280965751094162108e+00
5.946209526143733548e+00 -2.377967108050338396e-01
7.428919588151240427e-01 7.413846121344734641e+00
5.794102343638337871e+00 4.240981510692853007e+00
8.884963914604993462e+00 -8.542017267655294122e-01
8.473795660065939206e-01 6.212502148939614166e+00
